Danio_rerio	0	900	894	897	894	886	894	893
Alligator_mississippiensis	900	0	35	247	242	511	486	481
Crocodylus_niloticus	894	35	0	240	237	511	481	475
Gallus_gallus	897	247	240	0	103	499	466	470
Columba_livia	894	242	237	103	0	508	479	466
Mus_musculus	886	511	511	499	508	0	273	277
Homo_sapiens	894	486	481	466	479	273	0	196
Canis_lupus	893	481	475	470	466	277	196	0
